(78.46387812163373, 97.35750849247033)
(84.97320565063512, 55.249463583380745)
(91.83737067633228, 49.0106139888282)
(90.14827432544172, 83.93518127105382)
(8.478420564831657, 21.528096294196985)
(85.06040429040615, 58.95339368907063)
(21.850070206900696, 20.03083083852243)
(4.083464159252093, 42.865297853623005)
(3.738283826193056, 52.30395843237393)
(31.163118890643847, 23.91026818049573)
(32.858964027579574, 70.28123536154126)
(76.8152563679857, 21.85675650141764)
(44.92631719202753, 55.079674545922664)
(87.60483727434622, 39.106999535860666)
(76.81171186217456, 68.18111151082195)
(88.71497657790208, 68.90341762264498)
(71.42172411130227, 91.28238669498188)
(44.05569339350242, 67.14804037476061)
(83.58124555933041, 17.39161343850686)
(28.871125337025383, 46.55779684275887)
(69.60508417168698, 7.30818572331966)
(25.33752381666513, 42.54368247972725)
(40.01111777749999, 9.335438629182102)
(85.22318556294599, 15.718835317520096)
(51.735577239325515, 94.00980634866748)
(92.47207668061166, 75.30741902710416)
(59.11575557671025, 25.763769955021832)
(98.47236469274107, 62.159275014636464)
(78.4456785835065, 59.67989739441499)
(84.36424933703456, 88.86109222539443)
(97.19898349856872, 59.14596719483512)
(32.379030915847636, 23.956553949118454)
(82.57028072252301, 10.152039298496474)
(71.08927710515755, 82.83528796634184)
(40.033357979852354, 54.29590981224699)
(16.742809905369636, 98.61824273426998)
(97.2946792374425, 46.61139226846811)
(62.362419724473604, 59.23889989487915)
(51.89738188144211, 67.13253857482735)
(74.99372977591098, 82.76159435169052)
(94.7222655528259, 78.02736213127906)
(65.62505291205521, 24.954332775023126)
(61.0555654956982, 0.9772883715070124)
(36.45717912996823, 62.268410389304904)
(91.26883951016802, 90.9864231029423)
(31.836031523344744, 29.5982931202023)
(82.58466939968768, 9.644535512174457)
(59.402997500533495, 56.23227996389184)
(38.14019723651436, 36.644003539677136)
(55.29281408742281, 17.621738280963008)
(40.43949996174189, 2.934352372428828)
(98.41865604390712, 16.847888931796206)
(74.47458417049246, 95.16483116115917)
(43.367155078001595, 33.61349581464141)
(77.48201145159962, 5.807367281476605)
(79.04359174467285, 99.32218663169745)
(56.55549225975661, 47.25249453074467)
(97.58795503769488, 29.866450302900084)
(47.310273446198735, 28.088765819625394)
(99.93340684264201, 7.198004438393635)
(0.12927849283946857, 11.354707021788013)
(98.82318941419001, 83.01585718902838)
(4.7977128255858865, 15.029637732588307)
(86.55970689317144, 72.24317452800625)
(27.45320074826314, 44.54046253000313)
(16.432896837548817, 35.80746958682832)
(15.02655934689402, 51.842748616124304)
(25.016012735587857, 34.81565412385894)
(10.36438286377338, 45.78977070724714)
(65.70369882829372, 52.80838581548256)
(43.271088096349494, 30.953754864430728)
(22.97539251320797, 3.634719179779622)
(66.14378893524496, 11.190050326639312)
(24.33127581475727, 55.12934021456077)
(55.508980622187934, 9.279089752896175)
(78.67735237656416, 31.977674335325812)
(98.70459611631387, 32.288304996218095)
(26.969573112752787, 66.28578265891532)
(98.3767566575614, 85.2865859479028)
(45.254190389672964, 61.17290240859556)
(91.57537056495354, 69.4043077167387)
(42.064849180561026, 87.3966571690447)
(25.134189573514686, 46.8782560933931)
(45.99605064589905, 31.79363101525129)
(20.64223235309417, 49.59170265148496)
(13.712319900094439, 86.37995634546549)
(17.226000402256826, 67.91968011520933)
(69.81856859274488, 43.49047038968648)
(62.73796797931438, 25.74062078771908)
(80.2868354943547, 7.659387951277008)
(10.018505793118205, 7.829096042191386)
(92.14561938864124, 69.18134724970416)
(69.3497585959212, 30.29669946078827)
(81.63224047329139, 80.35009787527704)
(10.437416390462307, 85.79694350019031)
(97.82569725666603, 54.16920418472964)
(30.086445602468046, 59.378406062384656)
(70.79768121424065, 83.54457253158623)
(51.19804339884516, 71.1904922158061)
(25.59533434387945, 73.18198863753153)
