(85.75690887902245, 40.28017225574788)
(25.8277310363514, 45.35902454579998)
(85.59052097337461, 86.51073774349727)
(44.96094684240807, 97.99732872640445)
(54.643156569521956, 25.15381873205006)
(75.23131431024098, 53.1308704097899)
(88.46828248673023, 30.500741146622335)
(80.14504447033156, 62.863370745096915)
(85.71191044127808, 36.95190540272567)
(61.53508329415606, 87.96194707040988)
(88.89459993256048, 73.42867431017827)
(93.51183184068464, 93.80922987140056)
(6.090036352747097, 32.03950889551318)
(77.47586390095553, 58.280842434935344)
(14.045778933362074, 55.32806636417698)
(15.66306168387339, 27.084009631116977)
(82.56981494151758, 55.28979778348152)
(85.75212542926015, 72.51933217641123)
(30.245460788731325, 43.37529615805044)
(18.76150995171629, 27.19667593429136)
(24.1282472744917, 46.15475564975996)
(55.72661080963983, 86.149731022585)
(78.04173205861879, 30.970583548425356)
(91.1603227788218, 31.227907323468706)
(73.48459425072896, 44.207755833608516)
(85.56332824248865, 36.68691126483776)
(65.89558028541718, 24.512816884040433)
(11.782494309754988, 47.083539689136344)
(61.20330713913137, 1.362489438747938)
(63.31586531011344, 37.31337656807558)
(59.276955932702144, 81.42341978859821)
(48.058488600003244, 35.42435091444381)
(98.1310802946252, 61.384594275295576)
(32.83021616303884, 25.531786350229623)
(74.73622959390178, 82.73599833533238)
(81.9643415979625, 82.38258065742424)
(10.493420197263713, 53.43622703697921)
(33.58594948465593, 43.470154072547395)
(66.25876950586999, 67.17527365974331)
(26.66589823851824, 0.08951880099206111)
(47.59761640680558, 22.765361385238336)
(56.67495719751913, 38.80284134912952)
(29.008311982257872, 10.000167911667345)
(71.35307409423352, 63.30854335792605)
(90.90775802833511, 72.96519949581109)
(36.293928625416996, 55.87970505662655)
(86.73790579413259, 69.06740261405938)
(70.50203368281667, 13.995040050404272)
(30.606268019897954, 5.281654618667487)
(41.21647775973181, 92.18308908564532)
(41.305459005707036, 52.05272377308269)
(88.93882471073289, 78.62835002681254)
(32.69097008316242, 57.251906225751505)
(80.93778877676759, 12.33035995859838)
(85.86842047970029, 35.52386705164806)
(33.88150010157466, 72.965742496705)
(53.696748580311514, 53.21685334685029)
(77.66003870867296, 55.91868490770424)
(80.30760324538446, 51.42715504776761)
(5.477108846772827, 49.72708734012896)
(15.84140676932323, 98.19496875192057)
(48.481433019209334, 26.029856223698655)
(58.87821256623087, 18.409462481333925)
(85.18658155301983, 84.22068375973627)
(62.038402302330255, 4.65211018815822)
(95.57687475905745, 88.54112818751976)
(57.63159921965455, 29.28393684081596)
(15.106646303255522, 16.350030286548833)
(75.54727319071549, 23.719216039788915)
(66.93215345652075, 57.33227758922737)
(73.43034316503635, 73.55848211636865)
(51.160840343616734, 46.440576447901215)
(7.369198154287715, 67.62923293954958)
(41.745460035667136, 50.84332314568112)
(54.36749885445117, 76.76426519075167)
(15.484736011076627, 12.647713794550164)
(61.886256271533604, 15.886111817074477)
(34.72882974166593, 66.63289361966547)
(43.77279008274204, 8.219269145795138)
(93.5192057473079, 91.64813658943991)
(35.01723843988383, 39.88533361959513)
(66.78280718141376, 30.81424008174034)
(41.260838917840545, 93.92696513005534)
(43.157722362366556, 26.569306573611883)
(33.31293216857014, 27.570535234552874)
(0.38797630385122295, 41.87056386344281)
(15.853359753267359, 0.35866583480241854)
(50.788053729371754, 77.25686100334799)
(75.84473546568243, 23.820937078407923)
(81.67547334703758, 53.618069459193464)
(15.750534951144846, 64.82677793382999)
(61.78266132711895, 56.624574165577016)
(15.440453309241454, 60.605387590793725)
(85.51249674500204, 92.01147345442958)
(51.82215756222433, 11.11278382500207)
(68.1926592309604, 59.66501668537975)
(0.2674115268606503, 20.21225447620527)
(30.44522441443467, 85.810851265363)
(45.478769256983256, 4.24635094529865)
(58.95841864772808, 38.44339699659378)
